No    Ref    V       B-V     U-B
 0001    88  21.026   1.646         
 0002    88  20.369   1.497         
 0003    88  15.948   1.039         
 0004    88  19.401   1.813         
 0005    88  13.415   1.356         
 0006    88  19.108   1.429         
 0007    88  19.403   1.814         
 0008    88  14.483  -0.065         
 0009    88  21.273   1.517         
 0010    88  20.013   1.522         
 0011    88  19.893   1.413         
 0012    88  18.171   1.352         
 0013    88  20.657   1.428         
 0014    88  19.211   1.989         
 0015    88  20.490   1.247         
 0016    88  21.088   0.754         
 0017    88  20.492   1.552         
 0018    88  19.678   1.472         
 0019    88  20.985   1.308         
 0020    88  21.185   1.502         
 0021    88  19.812   0.933         
 0022    88  20.721   1.576         
 0023    88  20.586   1.366         
 0024    88  20.293   1.736         
 0025    88  15.530   1.012         
 0026    88  20.677   1.315         
 0027    88  19.250   1.586         
 0028    88  21.679   1.538         
 0029    88  19.770   1.250         
 0030    88  20.140   1.406         
 0031    88  18.101   1.356         
 0032    88  21.922   0.871         
 0033    88  18.939   1.267         
 0034    88  18.774   1.876         
 0035    88  20.041   1.972         
 0036    88  18.136   1.830         
 0037    88  19.809   1.797         
 0038    88  13.043   0.911         
 0039    88  16.160   1.326         
 0040    88  13.259   0.165         
 0041    88  20.621   1.464         
 0042    88  15.458   1.214         
 0043    88  19.014   1.388         
 0044    88  17.880   1.534         
 0045    88  16.566   1.193         
 0046    88  20.176   1.443         
 0047    88  20.538   1.485         
 0048    88  19.240   1.417         
 0049    88  20.740   1.568         
 0050    88  20.644   1.486         
 0051    88  19.534   1.372         
 0052    88  21.434   1.410         
 0053    88  17.739   1.451         
 0054    88  19.157   1.100         
 0055    88  20.738   1.619         
 0056    88  20.815   1.462         
 0057    88  20.976   1.555         
 0058    88  21.670   1.560         
 0059    88  21.762   1.238         
 0060    88  20.631   1.865         
 0061    88  19.335   1.552         
 0062    88  18.322   1.347         
 0063    88  21.598   1.603         
 0064    88  19.645   1.307         
 0065    88  19.435   1.352         
 0066    88  20.608   1.653         
 0067    88  20.741   1.304         
 0068    88  19.389   1.401         
 0069    88  20.476   1.310         
 0070    88  20.129   1.483         
 0071    88  18.274   1.573         
 0072    88  21.118   1.577         
 0073    88  19.319   1.404         
 0074    88  22.128   0.781         
 0075    88  21.057   1.789         
 0076    88  20.473   1.265         
 0077    88  19.662   2.029         
 0078    88  20.745   1.473         
 0079    88  19.397   1.435         
 0080    88  20.624   1.230         
 0081    88  20.413   1.238         
 0082    88  22.021   1.310         
 0083    88  20.062   1.403         
 0084    88  20.083   1.451         
 0085    88  21.054   1.432         
 0086    88  18.286   2.009         
 0087    88  18.087   1.285         
 0088    88  21.089   1.497         
 0089    88  17.339   1.532         
 0090    88  19.831   1.487         
 0091    88  20.327   1.229         
 0092    88  20.299   1.289         
 0093    88  19.715   1.510         
 0094    88  20.504   1.330         
 0095    88  20.010   1.359         
 0096    88  21.073   1.294         
 0097    88  19.579   1.385         
 0098    88  19.411   1.368         
 0099    88  19.522   1.377         
 0100    88  20.129   1.429         
 0101    88  20.157   1.683         
 0102    88  17.622   1.744         
 0103    88  20.573   1.612         
 0104    88  20.086   1.396         
 0105    88  21.758   1.397         
 0106    88  20.200   1.427         
 0107    88  18.581   1.484         
 0108    88  20.723   1.401         
 0109    88  19.524   1.426         
 0110    88  20.376   1.390         
 0111    88  20.343   1.445         
 0112    88  21.258   1.358         
 0113    88  20.822   1.576         
 0114    88  18.690   1.051         
 0115    88  19.856   1.451         
 0116    88  20.130   1.771         
 0117    88  20.955   1.556         
 0118    88  19.395   1.861         
 0119    88  19.390   1.190         
 0120    88  19.309   1.395         
 0121    88  18.758   4.242         
 0122    88  19.510   1.299         
 0123    88  22.350   2.562         
 0124    88  20.738   1.449         
 0125    88  20.447   1.368         
 0126    88  21.942  -2.030         
 0127    88  19.834   1.466         
 0128    88  21.135   1.236         
 0129    88  20.258   1.589         
 0130    88  20.804   1.483         
 0131    88  18.794   1.817         
 0132    88  20.850   1.689         
 0133    88  21.035   1.377         
 0134    88  18.643   1.377         
 0135    88  20.927   1.150         
 0136    88  20.303   1.595         
 0137    88  19.085   1.785         
 0138    88  19.418   1.411         
 0139    88  21.606   1.212         
 0140    88  19.437   1.496         
 0141    88  22.209   1.966         
 0142    88  18.112   1.457         
 0143    88  20.977   1.685         
 0144    88  19.723   1.436         
 0145    88  20.435   1.921         
 0146    88  19.638   1.763         
 0147    88  21.008   1.379         
 0148    88  19.243   1.410         
 0149    88  19.837   1.401         
 0150    88  19.578   1.337         
 0151    88  19.568   1.337         
 0152    88  20.566   1.460         
 0153    88  21.566   1.561         
 0154    88  21.283   1.596         
 0155    88  21.115   1.812         
 0156    88  16.708   1.908         
 0157    88  19.824   1.273         
 0158    88  19.851   1.491         
 0159    88  21.397   1.475         
 0160    88  20.227   1.479         
 0161    88  22.112   1.436         
 0162    88  16.391   1.249         
 0163    88  19.813   1.535         
 0164    88  20.270   1.496         
 0165    88  21.412   0.807         
 0166    88  19.168   1.518         
 0167    88  20.571   1.536         
 0168    88  20.446   1.493         
 0169    88  20.825   1.599         
 0170    88  18.754   1.680         
 0171    88  20.465   1.520         
 0172    88  20.543   1.324         
 0173    88  18.760   1.660         
 0174    88  21.119   1.682         
 0175    88  20.413   1.539         
 0176    88  16.151   2.211         
 0177    88  20.015   1.870         
 0178    88  21.200   1.483         
 0179    88  22.441   1.542         
 0180    88  20.615   1.339         
 0181    88  21.127   2.085         
 0182    88  19.188   1.648         
 0183    88  21.518   1.320         
 0184    88  22.099   1.430         
 0185    88  20.422   1.352         
 0186    88  20.099   1.298         
 0187    88  21.269   1.249         
 0188    88  19.909   1.477         
 0189    88  20.187   1.543         
 0190    88  19.974   1.569         
 0191    88  21.395   1.470         
 0192    88  19.509   1.492         
 0193    88  18.432   1.718         
 0194    88  20.535   1.474         
 0195    88  20.209   1.481         
 0196    88  20.047   1.672         
 0197    88  19.718   1.492         
 0198    88  18.987   1.383         
 0199    88  21.708   1.818         
 0200    88  20.706   1.835         
 0201    88  19.241   1.246         
 0202    88  20.848   1.298         
 0203    88  20.425   1.401         
 0204    88  20.236   1.376         
 0205    88  19.215   1.475         
 0206    88  17.912   1.863         
 0207    88  19.930   1.182         
 0208    88  21.900   1.142         
 0209    88  20.949   1.390         
 0210    88  19.458   1.804         
 0211    88  20.843   1.357         
 0212    88  20.115   1.295         
 0213    88  20.913   1.337         
 0214    88  20.695   1.789         
 0215    88  18.493   1.793         
 0216    88  22.242   1.278         
 0217    88  21.173   1.889         
 0218    88  20.816   1.603         
 0219    88  18.792   1.467         
 0220    88  19.689   1.451         
 0221    88  20.262   1.378         
 0222    88  18.830   1.247         
 0223    88  18.904   1.498         
 0224    88  20.513   1.587         
 0225    88  21.081   2.258         
 0226    88  17.403   1.889         
 0227    88  21.232   2.092         
 0228    88  21.409   1.650         
 0229    88  19.736   1.637         
 0230    88  20.393   1.487         
 0231    88  21.207   1.243         
 0232    88  20.117   1.470         
 0233    88  19.618   1.390         
 0234    88  20.923   1.280         
 0235    88  19.934   1.426         
 0236    88  21.384   1.749         
 0237    88  19.006   1.415         
 0238    88  22.065   0.706         
 0239    88  20.378   1.410         
 0240    88  19.002   1.647         
 0241    88  20.657   1.722         
 0242    88  19.701   1.436         
 0243    88  21.093   1.830         
 0244    88  19.825   1.590         
 0245    88  18.519   1.359         
 0246    88  20.635   1.630         
 0247    88  17.279   1.140         
 0248    88  20.193   2.021         
 0249    88  19.848   1.820         
 0250    88  22.526  -0.037         
 0251    88  20.447   1.419         
 0252    88  20.286   1.403         
 0253    88  18.895   1.602         
 0254    88  20.114   1.552         
 0255    88  18.446   1.402         
 0256    88  20.970   1.481         
 0257    88  21.684   2.153         
 0258    88  20.501   1.550         
 0259    88  21.158   1.544         
 0260    88  21.267   1.193         
 0261    88  21.714   1.980         
 0262    88  20.893   1.365         
 0263    88  19.787   1.350         
 0264    88  20.533   1.557         
 0265    88  19.852   1.459         
 0266    88  20.657   1.516         
 0267    88  19.967   1.336         
 0268    88  20.922   1.657         
 0269    88  20.953   1.746         
 0270    88  21.524   1.363         
 0271    88  20.956   1.774         
 0272    88  21.566   1.441         
 0273    88  19.782   1.398         
 0274    88  20.645   1.506         
 0275    88  19.660   1.493         
 0276    88  20.524   1.595         
 0277    88  20.803   1.490         
 0278    88  20.420   1.473         
 0279    88  19.750   1.534         
 0280    88  21.179   1.518         
 0281    88  20.092   1.541         
 0282    88  18.964   1.038         
 0283    88  19.866   1.550         
 0284    88  18.802   1.351         
 0285    88  19.788   1.372         
 0286    88  20.439   1.329         
 0287    88  21.693   0.552         
 0288    88  20.749   1.452         
 0289    88  21.435   1.384         
 0290    88  19.097   1.347         
 0291    88  19.023   1.562         
 0292    88  20.547   1.485         
 0293    88  19.790   1.554         
 0294    88  21.394   1.677         
 0295    88  20.484   1.556         
 0296    88  20.430   1.419         
 0297    88  19.876   1.371         
 0298    88  20.510   1.413         
 0299    88  21.367   0.295         
 0300    88  21.023   1.595         
 0301    88  19.722   1.539         
 0302    88  19.298   1.711         
 0303    88  16.362   2.056         
 0304    88  20.629   1.236         
 0305    88  19.938   1.400         
 0306    88  19.741   1.710         
 0307    88  20.672   1.385         
 0308    88  20.175   2.241         
 0309    88  19.853   1.607         
 0310    88  20.398   1.416         
 0311    88  17.514   1.850         
 0312    88  19.471   1.661         
 0313    88  21.419   1.381         
 0314    88  19.705   1.361         
 0315    88  20.084   1.190         
 0316    88  14.985   1.241         
 0317    88  19.887   1.684         
 0318    88  21.891   1.197         
 0319    88  18.993   1.472         
 0320    88  20.948   1.428         
 0321    88  20.960   1.389         
 0322    88  21.174   1.349         
 0323    88  19.473   1.686         
 0324    88  19.250   1.607         
 0325    88  21.554   1.635         
 0326    88  20.236   1.595         
 0327    88  20.693   1.644         
 0328    88  17.494   1.209         
 0329    88  17.850   1.426         
 0330    88  21.167   1.352         
 0331    88  20.911   1.470         
 0332    88  21.151   1.618         
 0333    88  20.013   1.436         
 0334    88  19.802   1.474         
 0335    88  20.937   1.762         
 0336    88  21.546   1.475         
 0337    88  20.074   1.346         
 0338    88  16.903   1.302         
 0339    88  19.664   1.384         
 0340    88  19.967   1.430         
 0341    88  20.450   1.397         
 0342    88  19.853   1.457         
 0343    88  20.003   1.496         
 0344    88  20.206   1.525         
 0345    88  18.167   1.265         
 0346    88  19.096   1.621         
 0347    88  22.426   1.179         
 0348    88  19.881   1.183         
 0349    88  20.177   1.324         
 0350    88  21.265   1.612         
 0351    88  20.670   1.254         
 0352    88  17.472   1.330         
 0353    88  20.224   1.351         
 0354    88  17.831   1.334         
 0355    88  20.386   1.448         
 0356    88  20.318   1.137         
 0357    88  19.573   1.570         
 0358    88  18.974   1.624         
 0359    88  19.432   1.503         
 0360    88  19.944   1.491         
 0361    88  20.323   1.695         
 0362    88  20.660   1.566         
 0363    88  20.752   1.397         
 0364    88  17.308   1.869         
 0365    88  18.247   1.406         
 0366    88  20.320   1.776         
 0367    88  17.439   1.855         
 0368    88  19.916   1.422         
 0369    88  20.063   1.748         
 0370    88  20.393   1.560         
 0371    88  21.683   1.129         
 0372    88  21.878   1.237         
 0373    88  20.184   1.362         
 0374    88  19.349   1.693         
 0375    88  16.749   1.298         
 0376    88  14.859   0.939         
 0377    88  20.492   1.506         
 0378    88  19.705   1.774         
 0379    88  21.108   1.643         
 0380    88  19.615   0.956         
 0381    88  18.345   1.404         
 0382    88  18.004   1.347         
 0383    88  17.395   1.884         
 0384    88  21.168   1.423         
 0385    88  20.361   1.656         
 0386    88  20.327   1.658         
 0387    88  18.743   1.391         
 0388    88  19.688   3.068         
 0389    88  20.978   1.538         
 0390    88  18.486   1.154         
 0391    88  20.611   1.436         
 0392    88  20.370   1.503         
 0393    88  19.940   1.420         
 0394    88  20.206   1.329         
 0395    88  20.830   1.702         
 0396    88  19.207   1.433         
 0397    88  19.588   1.417         
 0398    88  20.144   1.599         
 0399    88  19.669   1.441         
 0400    88  21.037   1.587         
 0401    88  21.496   1.967         
 0402    88  14.529   1.119         
 0403    88  21.368   1.481         
 0404    88  21.237   1.663         
 0405    88  20.526   1.359         
 0406    88  19.929   1.490         
 0407    88  19.076   1.702         
 0408    88  17.267   1.811         
 0409    88  19.773   1.690         
 0410    88  20.621   1.414         
 0411    88  20.607   1.515         
 0412    88  19.568   1.468         
 0413    88  20.898   1.807         
 0414    88  21.120   1.926         
 0415    88  17.669   4.206         
 0416    88  20.638   1.773         
 0417    88  19.391   1.415         
 0418    88  18.929   0.749         
 0419    88  19.557   1.607         
 0420    88  19.573   1.579         
 0421    88  22.003   2.135         
 0422    88  21.550   1.485         
 0423    88  20.242   1.665         
 0424    88  20.939   1.773         
 0425    88  17.710   2.991         
 0426    88  21.184   1.659         
 0427    88  20.051   1.548         
 0428    88  17.579   2.218         
 0429    88  21.084   0.711         
 0430    88  18.263   1.865         
 0431    88  20.061   1.760         
 0432    88  19.621   0.180         
 0433    88  19.725   2.279         
 0434    88  21.146   1.766         
 0435    88  19.710   1.715         
 0436    88  20.925   1.199         
 0437    88  21.697   2.013         
 0438    88  20.599   1.448         
 0439    88  20.546   1.507         
 0440    88  19.478   1.298         
 0441    88  21.255   1.571         
 0442    88  21.941   1.132         
 0443    88  19.730   1.717         
 0444    88  19.559   1.583         
 0445    88  18.621   1.737         
 0446    88  18.199   1.648         
 0447    88  21.085   1.368         
 0448    88  18.444   1.357         
 0449    88  21.745   1.471         
 0450    88  20.556   1.464         
 0451    88  20.213   1.454         
 0452    88  20.388   1.689         
 0453    88  21.450   1.921         
 0454    88  19.686   1.595         
 0455    88  21.226   1.494         
 0456    88  19.294   1.968         
 0457    88  18.342   1.455         
 0458    88  18.241   0.973         
 0459    88  19.948   1.464         
 0460    88  19.803   1.690         
 0461    88  19.219   1.789         
 0462    88  20.484   1.415         
 0463    88  21.183   1.725         
 0464    88  20.405   1.286         
 0465    88  19.847   1.376         
 0466    88  21.015   1.385         
 0467    88  21.390   1.888         
 0468    88  19.749   1.820         
 0469    88  21.453   2.466         
 0470    88  19.411   1.780         
 0471    88  19.475   1.472         
 0472    88  21.551   1.089         
 0473    88  17.629   1.987         
 0474    88  20.653   1.248         
 0475    88  20.513   1.029         
 0476    88  21.239   1.362         
 0477    88  19.839   1.417         
 0478    88  20.750   1.757         
 0479    88  16.832   1.145         
 0480    88  20.555   1.440         
 0481    88  21.241   2.499         
 0482    88  21.025   1.355         
 0483    88  21.302   1.484         
 0484    88  21.628   1.372         
 0485    88  20.843   1.616         
 0486    88  15.798   1.161         
 0487    88  18.248   1.466         
 0488    88  20.355   1.224         
 0489    88  21.207   2.041         
 0490    88  20.179   1.452         
 0491    88  20.810   2.042         
 0492    88  20.703   1.955         
 0493    88  21.053   1.744         
 0494    88  20.287   1.338         
 0495    88  20.129   1.836         
 0496    88  20.776   1.748         
 0497    88  20.899   1.477         
 0498    88  20.903   1.185         
 0499    88  20.481   1.415         
 0500    88  19.982   1.481         
 0501    88  19.746   1.644         
 0502    88  20.732   1.509         
 0503    88  19.828   1.491         
 0504    88  17.897   1.590         
 0505    88  21.130   1.516         
 0506    88  20.120   1.779         
 0507    88  20.631   1.746         
 0508    88  21.475   1.251         
 0509    88  20.237   1.647         
 0510    88  20.900   1.356         
 0511    88  20.840   1.645         
 0512    88  16.328   1.593         
 0513    88  19.941   1.858         
 0514    88  21.348   1.115         
 0515    88  19.803   1.506         
 0516    88  21.617   1.557         
 0517    88  20.709   1.483         
 0518    88  20.823   1.491         
 0519    88  20.632   1.505         
 0520    88  19.900   1.976         
 0521    88  19.755   1.498         
 0522    88  16.605   1.734         
 0523    88  21.449   1.829         
 0524    88  21.589   1.620         
 0525    88  20.818   1.532         
 0526    88  18.363   1.561         
 0527    88  21.071   1.696         
 0528    88  18.973   1.512         
 0529    88  21.449   1.102         
 0530    88  20.828   1.270         
 0531    88  21.207   1.620         
 0532    88  18.701   1.717         
 0533    88  18.791   0.969         
 0534    88  21.028   1.436         
 0535    88  20.627   1.351         
 0536    88  20.496   1.524         
 0537    88  21.367   1.577         
 0538    88  21.252   1.421         
 0539    88  20.870   1.336         
 0540    88  21.229   1.530         
 0541    88  20.109   1.509         
 0542    88  20.304   1.710         
 0543    88  20.862   1.563         
 0544    88  18.089   2.710         
 0545    88  20.249   1.356         
 0546    88  20.937   1.625         
 0547    88  19.822   1.491         
 0548    88  19.899   1.445         
 0549    88  20.838   1.244         
 0550    88  19.836   1.775         
 0551    88  20.677   1.746         
 0552    88  20.439   1.471         
 0553    88  19.021   1.329         
 0554    88  20.580   1.402         
 0555    88  15.802   2.243         
 0556    88  22.052   1.279         
 0557    88  17.261   1.920         
 0558    88  21.170   1.227         
 0559    88  19.837   1.787         
 0560    88  20.586   1.640         
 0561    88  19.707   1.471         
 0562    88  21.551   1.465         
 0563    88  21.488  -1.113         
 0564    88  21.146   1.663         
 0565    88  21.160   0.604         
 0566    88  20.679   1.813         
 0567    88  21.486   1.150         
 0568    88  21.029   1.608         
 0569    88  19.378   1.447         
 0570    88  20.371   1.255         
 0571    88  20.857   1.388         
 0572    88  19.716   1.404         
 0573    88  20.728   1.542         
 0574    88  19.297   1.656         
 0575    88  19.201   1.836         
 0576    88  17.296   1.812         
 0577    88  20.596   1.601         
 0578    88  19.813   1.596         
 0579    88  19.888   1.547         
 0580    88  20.840   1.288         
 0581    88  19.650   1.558         
 0582    88  19.407   1.682         
 0583    88  21.100   1.275         
 0584    88  20.510   1.667         
 0585    88  19.356   1.415         
 0586    88  18.658   1.900         
 0587    88  20.306   1.550         
 0588    88  20.358   1.483         
 0589    88  19.247   1.788         
 0590    88  15.593   2.407         
 0591    88  20.998   1.916         
 0592    88  19.176   1.785         
 0593    88  17.834   1.912         
 0594    88  20.110   1.472         
 0595    88  14.630   1.065         
 0596    88  19.907   1.420         
 0597    88  21.607   1.646         
 0598    88  21.251   1.420         
 0599    88  21.817   0.947         
 0600    88  18.028   1.762         
 0601    88  16.155   1.691         
 0602    88  19.866   1.400         
 0603    88  20.121   1.500         
 0604    88  20.955   1.520         
 0605    88  20.709   1.517         
 0606    88  20.215   1.720         
 0607    88  21.766   1.126         
 0608    88  20.322   1.462         
 0609    88  20.877   1.436         
 0610    88  18.109   1.423         
 0611    88  21.554   1.676         
 0612    88  18.267   1.491         
 0613    88  21.170   1.435         
 0614    88  20.949   1.765         
 0615    88  20.107   1.455         
 0616    88  19.917   1.611         
 0617    88  20.631   1.282         
 0618    88  19.977   1.455         
 0619    88  20.138   1.420         
 0620    88  20.940   1.566         
 0621    88  20.714   1.211         
 0622    88  20.967   1.673         
 0623    88  20.492   1.334         
 0624    88  20.993   1.511         
 0625    88  19.809   1.486         
 0626    88  21.845   2.241         
 0627    88  20.085   1.564         
 0628    88  21.725   1.720         
 0629    88  19.700   1.945         
 0630    88  21.017   1.618         
 0631    88  20.698   2.382         
 0632    88  20.616   1.457         
 0633    88  20.538   1.324         
 0634    88  21.745   1.567         
 0635    88  21.271   1.926         
 0636    88  19.585   1.492         
 0637    88  20.627   1.467         
 0638    88  20.421   1.484         
 0639    88  20.112   1.580         
 0640    88  20.193   1.387         
 0641    88  19.789   1.496         
 0642    88  20.866   1.958         
 0643    88  20.135   1.332         
 0644    88  20.618   1.631         
 0645    88  19.451   1.295         
 0646    88  19.506   1.752         
 0647    88  20.726   1.569         
 0648    88  17.957   1.384         
 0649    88  21.217   1.720         
 0650    88  21.197   1.288         
 0651    88  22.493   2.209         
 0652    88  19.511   1.870         
 0653    88  21.215   1.494         
 0654    88  19.905   1.481         
 0655    88  20.336   1.505         
 0656    88  18.205   1.660         
 0657    88  19.768   1.369         
 0658    88  19.749   1.588         
 0659    88  19.682   1.769         
 0660    88  18.464   1.320         
 0661    88  19.906   1.757         
 0662    88  20.740   1.460         
 0663    88  21.164   1.825         
 0664    88  21.010   1.100         
 0665    88  20.162   1.497         
 0666    88  21.715   1.665         
 0667    88  19.820   1.330         
 0668    88  19.603   1.327         
 0669    88  19.258   1.775         
 0670    88  16.985   1.321         
 0671    88  21.258   1.829         
 0672    88  20.231   1.301         
 0673    88  17.004   2.255         
 0674    88  19.016   1.470         
 0675    88  21.000   2.274         
 0676    88  20.644   1.549         
 0677    88  20.350   1.887         
 0678    88  19.711   1.599         
 0679    88  20.983   0.600         
 0680    88  21.089   1.466         
 0681    88  17.996   2.605         
 0682    88  21.160   1.320         
 0683    88  19.945   1.422         
 0684    88  20.777   1.601         
 0685    88  19.870   1.401         
 0686    88  19.711   1.486         
 0687    88  18.310   1.250         
 0688    88  20.724   1.421         
 0689    88  20.447   1.331         
 0690    88  19.932   1.570         
 0691    88  18.864   1.705         
 0692    88  20.872   1.721         
 0693    88  21.093   1.492         
 0694    88  19.522   1.366         
 0695    88  19.600   1.352         
 0696    88  20.701   1.497         
 0697    88  20.625   1.666         
 0698    88  20.631   1.358         
 0699    88  19.840   1.722         
 0700    88  17.135   2.005         
 0701    88  17.455   1.858         
 0702    88  19.958   1.455         
 0703    88  20.112   1.315         
 0704    88  19.741   1.397         
 0705    88  21.607   0.866         
 0706    88  18.272   1.862         
 0707    88  18.742   1.471         
 0708    88  17.351   1.990         
 0709    88  20.962   1.490         
 0710    88  21.430   1.185         
 0711    88  19.738   1.759         
 0712    88  19.162   1.556         
 0713    88  18.289   0.352         
 0714    88  20.392   1.254         
 0715    88  19.572   1.398         
 0716    88  19.799   1.541         
 0717    88  18.138   1.216         
 0718    88  21.389   1.691         
 0719    88  19.604   1.820         
 0720    88  20.806   1.317         
 0721    88  19.414   1.299         
 0722    88  19.931   1.451         
 0723    88  21.112   3.210         
 0724    88  19.008   1.678         
 0725    88  21.537   1.120         
 0726    88  19.255   1.698         
 0727    88  18.857   1.593         
 0728    88  19.543   1.382         
 0729    88  20.787   0.846         
 0730    88  21.155   1.384         
 0731    88  20.876   1.618         
 0732    88  17.839   4.106         
 0733    88  19.644   1.538         
 0734    88  20.775  -1.222         
 0735    88  20.832   1.345         
 0736    88  18.665   1.515         
 0737    88  21.093   1.433         
 0738    88  19.332   1.870         
 0739    88  20.186   1.522         
 0740    88  19.740   1.525         
 0741    88  20.488   1.465         
 0742    88  20.752   1.491         
 0743    88  21.216   1.298         
 0744    88  19.724   1.829         
 0745    88  21.060   1.352         
 0746    88  19.773   1.574         
 0747    88  19.672   1.465         
 0748    88  21.562   1.216         
 0749    88  19.803   1.611         
 0750    88  19.007   1.396         
 0751    88  22.444   1.118         
 0752    88  20.644   1.727         
 0753    88  17.509   1.791         
 0754    88  21.093   1.960         
 0755    88  20.833   1.619         
 0756    88  19.623   1.524         
 0757    88  19.863   1.390         
 0758    88  19.780   1.417         
 0759    88  20.203   1.411         
 0760    88  19.144   1.452         
 0761    88  20.883   0.119         
 0762    88  19.496   1.352         
 0763    88  18.671   1.415         
 0764    88  21.505   1.305         
 0765    88  20.395   1.599         
 0766    88  21.539   1.641         
 0767    88  18.666   2.139         
 0768    88  21.435   1.661         
 0769    88  19.680   1.362         
 0770    88  20.260   1.542         
 0771    88  21.714   1.534         
 0772    88  21.199   1.573         
 0773    88  20.655   1.721         
 0774    88  20.665   1.409         
 0775    88  17.937   3.146         
 0776    88  18.729   0.796         
 0777    88  19.480   1.733         
 0778    88  17.290   1.826         
 0779    88  19.799   1.422         
 0780    88  17.920   1.180         
 0781    88  21.121   0.774         
 0782    88  19.442   1.436         
 0783    88  21.483   1.665         
 0784    88  17.728   1.887         
 0785    88  20.946   1.692         
 0786    88  20.875   1.447         
 0787    88  20.972   1.507         
 0788    88  18.678   1.402         
 0789    88  19.704   1.932         
 0790    88  19.659   1.673         
 0791    88  20.832   0.996         
 0792    88  19.843   1.436         
 0793    88  19.842   1.307         
 0794    88  20.247   1.576         
 0795    88  19.688   1.396         
 0796    88  19.668   1.371         
 0797    88  20.411   1.932         
 0798    88  20.336   1.464         
 0799    88  20.480   1.608         
 0800    88  18.971   1.872         
 0801    88  17.229   2.009         
 0802    88  19.054   1.652         
 0803    88  19.668   1.567         
 0804    88  16.323   1.159         
 0805    88  21.093   1.801         
 0806    88  21.211   1.475         
 0807    88  19.425   1.473         
 0808    88  18.639   1.340         
 0809    88  20.567   1.365         
 0810    88  19.167   1.779         
 0811    88  19.112   1.426         
 0812    88  20.290   1.740         
 0813    88  20.220   1.428         
 0814    88  20.414   2.018         
 0815    88  19.348   1.710         
 0816    88  20.469   1.389         
 0817    88  21.330   1.240         
 0818    88  20.548   1.459         
 0819    88  20.420   0.975         
 0820    88  20.645   1.587         
 0821    88  18.146   1.313         
 0822    88  21.316   1.891         
 0823    88  17.788   1.720         
 0824    88  21.294   2.663         
 0825    88  18.955   2.197         
 0826    88  19.069   1.502         
 0827    88  19.391   0.691         
 0828    88  20.224   1.730         
 0829    88  19.431   1.487         
 0830    88  20.881   1.709         
 0831    88  18.666   1.109         
 0832    88  20.873   1.441         
 0833    88  20.689   1.477         
 0834    88  20.055   1.708         
 0835    88  19.906   1.596         
 0836    88  20.202   1.833         
 0837    88  21.325   1.993         
 0838    88  17.512   1.890         
 0839    88  19.670   1.676         
 0840    88  17.397   1.859         
 0841    88  17.355   1.154         
 0842    88  21.076   1.449         
 0843    88  18.900   1.789         
 0844    88  20.099   1.109         
 0845    88  20.038   1.582         
 0846    88  20.082   1.312         
 0847    88  19.504   1.608         
 0848    88  20.761   1.650         
 0849    88  19.561   1.494         
 0850    88  19.953   1.564         
 0851    88  17.947   1.548         
 0852    88  21.251   1.595         
 0853    88  20.097   1.474         
 0854    88  20.507   1.396         
 0855    88  21.486   1.382         
 0856    88  21.962   1.327         
 0857    88  21.554   1.488         
 0858    88  21.142   1.605         
 0859    88  19.509   1.439         
 0860    88  20.904   1.662         
 0861    88  20.974   1.358         
 0862    88  19.987   1.456         
 0863    88  19.669   1.368         
 0864    88  14.347   2.071         
 0865    88  20.436   1.173         
 0866    88  19.356   2.365         
 0867    88  17.401   1.692         
 0868    88  17.272   1.824         
 0869    88  19.610   1.358         
 0870    88  18.280   1.821         
 0871    88  20.736   0.847         
 0872    88  21.518   1.784         
 0873    88  20.434   1.464         
 0874    88  18.918   1.486         
 0875    88  19.286   1.421         
 0876    88  21.742   1.960         
 0877    88  19.910   1.385         
 0878    88  21.905   1.665         
 0879    88  19.604   5.338         
 0880    88  19.924   1.515         
 0881    88  19.742   1.398         
 0882    88  19.514   1.451         
 0883    88  21.020   1.455         
 0884    88  17.204   1.922         
 0885    88  20.271   1.326         
 0886    88  19.556   1.467         
 0887    88  21.730   1.361         
 0888    88  20.452   1.423         
 0889    88  19.207   1.497         
 0890    88  19.398   1.274         
 0891    88  15.398   1.110         
 0892    88  20.010   0.805         
 0893    88  20.727   1.711         
 0894    88  18.928   1.065         
 0895    88  18.881   1.499         
 0896    88  19.524   1.464         
 0897    88  20.860   1.210         
 0898    88  19.878   1.346         
 0899    88  20.785   1.488         
 0900    88  19.180   1.589         
 0901    88  21.362   1.218         
 0902    88  20.385   1.512         
 0903    88  20.381   1.445         
 0904    88  20.263   1.498         
 0905    88  17.149   1.762         
 0906    88  20.035   1.791         
 0907    88  18.501   0.975         
 0908    88  18.974   1.793         
 0909    88  19.077   1.355         
 0910    88  20.494   1.583         
 0911    88  20.748   1.509         
 0912    88  17.527   2.724         
 0913    88  19.076   0.482         
 0914    88  19.629   1.564         
 0915    88  20.456   1.362         
 0916    88  21.223   1.800         
 0917    88  20.393   1.347         
 0918    88  21.196   1.391         
 0919    88  21.557   1.042         
 0920    88  20.144   1.436         
 0921    88  20.481   1.352         
 0922    88  18.954   1.765         
 0923    88  20.393   1.550         
 0924    88  20.082   1.725         
 0925    88  21.735   1.630         
 0926    88  19.667   1.305         
 0927    88  19.813   1.760         
 0928    88  21.179   1.236         
 0929    88  19.646   1.744         
 0930    88  20.551   1.389         
 0931    88  20.377   2.055         
 0932    88  21.618   1.516         
 0933    88  19.560   1.411         
 0934    88  19.705   1.406         
 0935    88  19.589   1.398         
 0936    88  19.864   1.420         
 0937    88  21.389   1.756         
 0938    88  18.927   1.449         
 0939    88  19.181   1.097         
 0940    88  19.569   1.429         
 0941    88  19.931   1.717         
 0942    88  21.588   1.618         
 0943    88  20.773   1.384         
 0944    88  20.386   1.461         
 0945    88  19.683   2.031         
 0946    88  21.415   1.331         
 0947    88  20.301   1.326         
 0948    88  18.716   1.816         
 0949    88  18.671   1.217         
 0950    88  21.969   2.388         
 0951    88  20.247   1.582         
 0952    88  20.047   1.319         
 0953    88  20.703   1.502         
 0954    88  19.789   1.904         
 0955    88  19.484   1.344         
 0956    88  20.996   1.582         
 0957    88  20.190   1.775         
 0958    88  20.402   1.474         
 0959    88  19.482   1.865         
 0960    88  20.507   1.338         
 0961    88  21.275   1.420         
 0962    88  17.088   1.813         
 0963    88  19.146   1.331         
 0964    88  20.329   1.384         
 0965    88  20.298   1.625         
 0966    88  20.182   1.352         
 0967    88  21.327   1.749         
 0968    88  21.157   1.115         
 0969    88  18.677   1.814         
 0970    88  19.437   1.490         
 0971    88  21.160   0.892         
 0972    88  21.401   2.086         
 0973    88  16.657   1.898         
 0974    88  21.014   1.800         
 0975    88  21.425   1.192         
 0976    88  20.746   1.543         
 0977    88  20.522   1.403         
 0978    88  20.438   1.129         
 0979    88  21.508   1.948         
 0980    88  19.659   1.702         
 0981    88  19.722   1.451         
 0982    88  20.592   1.197         
 0983    88  21.620   1.914         
 0984    88  19.986   1.404         
 0985    88  21.124   1.650         
 0986    88  21.240   1.641         
 0987    88  20.892   1.598         
 0988    88  16.655   1.109         
 0989    88  19.960   1.468         
 0990    88  20.553   1.404         
 0991    88  19.907   1.637         
 0992    88  19.721   1.634         
 0993    88  19.371   1.140         
 0994    88  21.587   1.400         
 0995    88  19.984   1.320         
 0996    88  20.238   1.603         
 0997    88  19.893   1.472         
 0998    88  18.743   1.251         
 0999    88  20.470   1.740         
 1000    88  21.590   1.855         
 1001    88  16.681   1.311         
 1002    88  19.695   1.536         
 1003    88  20.116   1.430         
 1004    88  19.005   1.913         
 1005    88  20.839   1.391         
 1006    88  19.123   2.322         
 1007    88  20.438   1.470         
 1008    88  22.144   2.234         
 1009    88  18.456   0.993         
 1010    88  21.055   2.092         
 1011    88  20.971   1.848         
 1012    88  19.107   1.283         
 1013    88  21.342   1.562         
 1014    88  20.974   1.638         
 1015    88  21.316   1.248         
 1016    88  20.435   1.425         
 1017    88  19.852   1.767         
 1018    88  20.857   1.657         
 1019    88  16.996   1.835         
 1020    88  21.028   1.786         
 1021    88  21.084   1.589         
 1022    88  21.470   1.472         
 1023    88  20.789   1.615         
 1024    88  19.545   1.288         
 1025    88  19.650   1.426         
 1026    88  19.485   1.391         
 1027    88  20.517   1.449         
 1028    88  21.281   1.588         
 1029    88  21.307   1.803         
 1030    88  21.895   1.356         
 1031    88  19.268   1.414         
 1032    88  19.719   1.898         
 1033    88  18.809   1.839         
 1034    88  21.891   1.568         
 1035    88  20.851   1.417         
 1036    88  19.113   1.453         
 1037    88  17.198   1.842         
 1038    88  18.892   1.196         
 1039    88  22.633  -0.553         
 1040    88  21.060   1.391         
 1041    88  18.087   1.840         
 1042    88  21.720   1.669         
 1043    88  20.407   1.338         
 1044    88  20.673   1.279         
 1045    88  21.396   1.434         
 1046    88  19.829   1.372         
 1047    88  21.372   1.401         
 1048    88  20.113   1.413         
 1049    88  21.430   1.466         
 1050    88  19.123   1.318         
 1051    88  21.498   1.366         
 1052    88  21.412   1.535         
 1053    88  20.593   1.531         
 1054    88  21.035   1.305         
 1055    88  20.803   1.941         
 1056    88  21.506   1.453         
 1057    88  18.307   1.779         
 1058    88  19.913   1.455         
 1059    88  21.032   1.323         
 1060    88  19.712   1.311         
 1061    88  20.087   1.257         
 1062    88  19.848   1.398         
 1063    88  19.733   1.494         
 1064    88  20.369   1.566         
 1065    88  19.732   1.269         
 1066    88  21.087   1.306         
 1067    88  20.623   1.534         
 1068    88  21.585   1.217         
 1069    88  19.628   1.535         
 1070    88  19.418   1.890         
 1071    88  19.394   1.498         
 1072    88  16.772   1.234         
 1073    88  19.944   1.595         
 1074    88  20.905   1.374         
 1075    88  19.563   1.676         
 1076    88  19.665   1.347         
 1077    88  16.781   1.247         
 1078    88  17.143   1.165         
 1079    88  20.149   1.358         
 1080    88  19.393   1.897         
 1081    88  20.586   1.294         
 1082    88  19.924   1.293         
 1083    88  19.276   1.274         
 1084    88  21.071   1.383         
 1085    88  19.629   1.471         
 1086    88  20.459   1.993         
 1087    88  20.788   1.448         
 1088    88  20.138   1.721         
 1089    88  19.672   1.384         
 1090    88  21.554   1.634         
 1091    88  17.176   1.167         
 1092    88  21.390   1.744         
 1093    88  19.998   1.382         
 1094    88  21.650   0.855         
 1095    88  19.838   1.525         
 1096    88  21.143   1.498         
 1097    88  19.100   1.402         
 1098    88  20.825   1.419         
 1099    88  19.217   1.344         
 1100    88  19.456   1.406         
 1101    88  20.859   1.470         
 1102    88  17.736   1.755         
 1103    88  19.872   1.419         
 1104    88  20.367   1.445         
 1105    88  20.395   1.251         
 1106    88  22.004   1.096         
 1107    88  20.606   1.384         
 1108    88  20.289   1.522         
 1109    88  20.716   1.370         
 1110    88  20.044   1.641         
 1111    88  20.758   1.265         
 1112    88  20.387   1.260         
 1113    88  19.281   1.270         
 1114    88  21.257   1.490         
 1115    88  19.989   1.856         
 1116    88  21.409   1.517         
 1117    88  18.871   1.076         
 1118    88  22.188   1.276         
 1119    88  19.514   1.436         
 1120    88  20.705   1.478         
 1121    88  19.545   1.550         
 1122    88  18.073   1.372         
 1123    88  19.205   1.365         
 1124    88  20.467   1.307         
 1125    88  21.284   1.666         
 1126    88  21.420   1.262         
 1127    88  20.611   1.552         
 1128    88  19.848   1.470         
 1129    88  21.185   1.479         
 1130    88  19.092   1.332         
 1131    88  20.472   1.401         
 1132    88  19.689   1.451         
 1133    88  20.838   1.481         
 1134    88  21.084   2.320         
 1135    88  20.528   1.561         
 1136    88  20.892   1.471         
 1137    88  20.220   1.416         
 1138    88  20.853   1.537         
 1139    88  20.460   1.493         
 1140    88  16.106   1.747         
 1141    88  20.946   1.365         
 1142    88  21.872   1.550         
 1143    88  20.427   1.071         
 1144    88  20.110   1.330         
 1145    88  20.787   1.779         
 1146    88  19.367   2.045         
 1147    88  21.332   1.158         
 1148    88  18.272   1.439         
 1149    88  19.356   1.827         
 1150    88  16.330   1.128         
 1151    88  19.773   1.394         
 1152    88  19.604   1.408         
 1153    88  19.578   1.526         
 1154    88  19.917   1.447         
 1155    88  20.310   1.289         
 1156    88  20.972   1.760         
 1157    88  20.753   1.263         
 1158    88  17.413   1.275         
 1159    88  20.360   1.497         
 1160    88  21.642   0.817         
 1161    88  19.664   1.346         
 1162    88  20.976   1.459         
 1163    88  18.751   1.818         
 1164    88  20.058   1.241         
 1165    88  21.300   1.244         
 1166    88  19.332   1.280         
 1167    88  17.978   1.983         
 1168    88  19.467   1.762         
 1169    88  19.922   1.339         
 1170    88  18.026   1.869         
 1171    88  15.353   2.286         
 1172    88  19.177   1.274         
 1173    88  20.625   1.528         
 1174    88  19.939   1.347         
 1175    88  19.613   1.541         
 1176    88  18.439   1.897         
 1177    88  22.207   1.938         
 1178    88  16.513   1.422         
 1179    88  19.897   1.385         
 1180    88  19.551   1.378         
 1181    88  20.181   1.448         
 1182    88  20.982   1.310         
 1183    88  22.058   1.646         
 1184    88  21.531   1.397         
 1185    88  19.591   1.855         
 1186    88  19.818   1.219         
 1187    88  19.555   1.491         
 1188    88  20.644   1.294         
 1189    88  19.390   1.466         
 1190    88  21.228   1.808         
 1191    88  20.568   1.454         
 1192    88  20.186   1.404         
 1193    88  18.965   1.330         
 1194    88  19.384   1.337         
 1195    88  19.234   1.749         
 1196    88  20.404   1.869         
 1197    88  21.026   1.352         
 1198    88  21.283   1.628         
 1199    88  17.969   1.233         
 1200    88  21.086   1.425         
 1201    88  18.865   1.819         
 1202    88  18.220   1.433         
 1203    88  20.415   1.401         
 1204    88  21.341   1.994         
 1205    88  15.224   1.807         
 1206    88  18.954   1.487         
 1207    88  20.295   1.454         
 1208    88  18.789   1.407         
 1209    88  18.680   1.543         
 1210    88  20.614   1.548         
 1211    88  19.667   1.678         
 1212    88  19.884   1.493         
 1213    88  20.919   1.661         
 1214    88  20.376   1.372         
 1215    88  21.588   2.166         
 1216    88  19.798   1.212         
 1217    88  19.280   1.608         
 1218    88  21.187   1.701         
 1219    88  19.879   1.499         
 1220    88  21.003   2.839         
 1221    88  20.757   1.648         
 1222    88  21.430   1.439         
 1223    88  20.182   1.483         
 1224    88  20.133   1.337         
 1225    88  19.988   1.415         
 1226    88  18.097   1.471         
 1227    88  20.705   1.028         
 1228    88  20.860   1.378         
 1229    88  17.718   1.275         
 1230    88  16.898   1.903         
 1231    88  21.292   1.662         
 1232    88  19.449   1.401         
 1233    88  20.428   1.622         
 1234    88  20.836   1.500         
 1235    88  20.699   1.972         
 1236    88  20.729   1.526         
 1237    88  20.255   2.088         
 1238    88  20.056   1.351         
 1239    88  18.740   1.568         
 1240    88  21.438   1.015         
 1241    88  18.370   1.766         
 1242    88  19.383   1.382         
 1243    88  20.619   1.340         
 1244    88  20.873   1.156         
 1245    88  20.630   1.662         
 1246    88  21.221   1.712         
 1247    88  20.918   1.542         
 1248    88  21.123   2.377         
 1249    88  20.208   1.320         
 1250    88  18.776   1.374         
 1251    88  20.575   1.529         
 1252    88  20.879   1.665         
 1253    88  18.341   1.251         
 1254    88  17.562   1.821         
 1255    88  17.726   1.754         
 1256    88  19.575   1.509         
 1257    88  20.177   1.352         
 1258    88  19.355   1.485         
 1259    88  19.059   1.622         
 1260    88  20.835   1.541         
 1261    88  20.892   1.628         
 1262    88  20.290   1.259         
 1263    88  14.670   1.589         
 1264    88  19.696   1.421         
 1265    88  17.172   1.773         
 1266    88  20.987   1.411         
 1267    88  19.584   1.479         
 1268    88  18.981   1.317         
 1269    88  21.394   1.409         
 1270    88  19.910   1.307         
 1271    88  20.779   1.235         
 1272    88  18.688   1.474         
 1273    88  20.667   1.379         
 1274    88  17.185   1.325         
 1275    88  20.302   1.535         
 1276    88  20.984   1.784         
 1277    88  17.312   1.869         
 1278    88  17.138   2.406         
 1279    88  19.084   1.389         
 1280    88  20.059   1.509         
 1281    88  18.173   1.576         
 1282    88  19.777   1.255         
 1283    88  18.859   1.749         
 1284    88  20.570   1.407         
 1285    88  18.572   1.485         
 1286    88  19.815   1.499         
 1287    88  18.489   1.689         
 1288    88  20.589   1.493         
 1289    88  19.642   1.355         
 1290    88  19.713   1.740         
 1291    88  20.604   1.377         
 1292    88  21.698   1.467         
 1293    88  19.121   1.304         
 1294    88  21.695   1.474         
 1295    88  21.338   1.222         
 1296    88  20.985   1.311         
 1297    88  18.630   1.794         
 1298    88  20.013   1.483         
 1299    88  18.508   1.278         
 1300    88  20.901   1.419         
 1301    88  21.103   1.305         
 1302    88  21.501   1.446         
 1303    88  21.829   0.941         
 1304    88  20.429   1.282         
 1305    88  19.948   1.682         
 1306    88  20.546   1.049         
 1307    88  20.784   1.468         
 1308    88  18.169   1.255         
 1309    88  19.489   1.568         
 1310    88  21.256   1.914         
 1311    88  13.779   1.714         
 1312    88  19.729   1.831         
 1313    88  20.896   2.090         
 1314    88  20.604   1.404         
 1315    88  21.485   1.837         
 1316    88  21.921   1.024         
 1317    88  20.261   1.064         
 1318    88  20.305   1.442         
 1319    88  20.047   2.235         
 1320    88  21.116   2.117         
 1321    88  20.735   1.498         
 1322    88  20.878   1.366         
 1323    88  17.195   2.018         
 1324    88  20.344   1.830         
 1325    88  20.413   1.398         
 1326    88  19.626   1.774         
 1327    88  19.405   1.366         
 1328    88  21.326   1.569         
 1329    88  20.837   1.464         
 1330    88  19.773   1.233         
 1331    88  18.161   1.371         
 1332    88  21.193   1.125         
 1333    88  18.490   1.486         
 1334    88  18.171   0.947         
 1335    88  18.004   1.715         
 1336    88  18.453   1.287         
 1337    88  19.664   1.676         
 1338    88  20.185   1.939         
 1339    88  20.520   1.422         
 1340    88  21.219   1.516         
 1341    88  19.720   1.381         
 1342    88  19.673   1.786         
 1343    88  21.086   1.329         
 1344    88  21.278   1.396         
 1345    88  19.701   1.829         
 1346    88  20.217   1.696         
 1347    88  21.529   1.319         
 1348    88  17.542   1.821         
 1349    88  20.555   1.365         
 1350    88  20.681   1.376         
 1351    88  21.561   1.390         
 1352    88  20.079   1.512         
 1353    88  15.492   1.228         
 1354    88  21.939   1.270         
 1355    88  19.978   1.291         
 1356    88  20.901   1.592         
 1357    88  18.832   1.637         
 1358    88  21.065   1.396         
 1359    88  19.682   1.337         
 1360    88  21.139   1.589         
 1361    88  19.758   1.397         
 1362    88  20.145   1.352         
 1363    88  19.917   1.505         
 1364    88  18.476   1.310         
 1365    88  19.935   1.404         
 1366    88  19.566   1.409         
 1367    88  21.345   1.520         
 1368    88  18.703   1.986         
 1369    88  21.749   1.641         
 1370    88  20.987   2.003         
 1371    88  21.214   1.690         
 1372    88  17.751   1.858         
 1373    88  20.435   1.275         
 1374    88  20.478   1.378         
 1375    88  19.311   1.573         
 1376    88  18.022   1.667         
 1377    88  21.298   0.490         
 1378    88  19.558   1.216         
 1379    88  19.956   1.614         
 1380    88  20.536   1.357         
 1381    88  19.780   1.375         
 1382    88  21.598   2.173         
 1383    88  19.279   1.358         
 1384    88  21.753   1.273         
 1385    88  20.039   1.414         
 1386    88  19.566   1.472         
 1387    88  20.954   1.231         
 1388    88  21.961   1.122         
 1389    88  17.744   1.736         
 1390    88  21.689   1.388         
 1391    88  20.821   1.987         
 1392    88  21.293   1.555         
 1393    88  20.461   1.627         
 1394    88  20.763   1.485         
 1395    88  21.073   1.423         
 1396    88  20.626   1.673         
 1397    88  21.193   1.644         
 1398    88  20.431   1.452         
 1399    88  20.449   1.673         
 1400    88  20.156   1.557         
 1401    88  20.462   1.331         
 1402    88  19.461   1.749         
 1403    88  20.820   1.183         
 1404    88  19.587   1.336         
 1405    88  18.365   1.849         
 1406    88  19.657   1.347         
 1407    88  20.491   1.441         
 1408    88  20.104   1.721         
 1409    88  19.085   1.382         
 1410    88  21.134   1.425         
 1411    88  20.903   1.438         
 1412    88  20.330   1.310         
 1413    88  21.581   1.173         
 1414    88  20.688   1.670         
 1415    88  20.724   1.819         
 1416    88  20.558   1.410         
 1417    88  20.201   1.517         
 1418    88  22.000   1.594         
 1419    88  21.092   1.395         
 1420    88  19.309   1.350         
 1421    88  21.867   0.940         
 1422    88  20.779   1.492         
 1423    88  19.632   1.473         
 1424    88  19.871   1.364         
 1425    88  17.172   1.266         
 1426    88  18.670   1.391         
 1427    88  21.620   1.436         
 1428    88  19.924   1.798         
 1429    88  20.449   1.370         
 1430    88  21.310   1.505         
 1431    88  20.379   1.534         
 1432    88  17.174   1.889         
 1433    88  19.808   1.304         
 1434    88  19.562   1.734         
 1435    88  20.317   1.400         
 1436    88  19.678   1.426         
 1437    88  21.295   1.325         
 1438    88  20.396   2.188         
 1439    88  20.663   1.332         
 1440    88  20.502   1.637         
 1441    88  21.345   2.792         
 1442    88  23.214  -0.042         
 1443    88  19.684   1.383         
 1444    88  21.076   1.192         
 1445    88  19.342   1.468         
 1446    88  19.696   1.385         
 1447    88  20.702   1.511         
 1448    88  21.095   1.368         
 1449    88  19.979   1.720         
 1450    88  17.320   1.214         
 1451    88  18.954   1.280         
 1452    88  20.014   1.407         
 1453    88  19.223   1.478         
 1454    88  21.246   1.250         
 1455    88  21.274   1.621         
 1456    88  20.754   1.342         
 1457    88  21.508   1.577         
 1458    88  20.743   1.397         
 1459    88  19.861   1.580         
 1460    88  20.516   1.374         
 1461    88  19.379   1.709         
 1462    88  19.617   1.762         
 1463    88  18.543   1.359         
 1464    88  21.226   1.209         
 1465    88  19.698   1.705         
 1466    88  18.065   1.477         
 1467    88  20.760   1.497         
 1468    88  19.201   1.485         
 1469    88  20.381   1.443         
 1470    88  20.534   1.382         
 1471    88  18.674   1.557         
 1472    88  19.456   1.456         
 1473    88  18.086   1.166         
 1474    88  19.796   1.609         
 1475    88  19.275   1.498         
 1476    88  21.628   1.227         
 1477    88  21.578   1.769         
 1478    88  17.382   1.396         
 1479    88  20.761   1.556         
 1480    88  20.422   1.537         
 1481    88  20.192   1.294         
 1482    88  20.512   1.557         
 1483    88  21.094   1.285         
 1484    88  20.309   1.573         
 1485    88  20.657   1.561         
 1486    88  19.796   1.532         
 1487    88  19.975   1.701         
 1488    88  20.244   1.637         
 1489    88  21.287   1.531         
 1490    88  21.412   1.408         
 1491    88  20.082   1.427         
 1492    88  20.586   1.645         
 1493    88  19.758   1.537         
 1494    88  20.722   1.393         
 1495    88  17.899   1.651         
 1496    88  20.965   1.631         
 1497    88  21.046   2.034         
 1498    88  18.936   1.285         
 1499    88  19.918   1.555         
 1500    88  19.756   1.391         
 1501    88  20.701   1.778         
 1502    88  21.457   1.321         
 1503    88  21.341   1.372         
 1504    88  20.749   1.191         
 1505    88  19.997   1.313         
 1506    88  20.644   1.485         
 1507    88  20.514   1.741         
 1508    88  20.582   1.486         
 1509    88  20.454   1.520         
 1510    88  20.806   1.332         
 1511    88  21.506   0.902         
 1512    88  20.454   1.603         
 1513    88  16.016   1.080         
 1514    88  20.030   1.536         
 1515    88  20.092   1.672         
 1516    88  18.578   1.467         
 1517    88  20.390   1.516         
 1518    88  16.598   1.762         
 1519    88  20.239   1.443         
 1520    88  21.631   1.120         
 1521    88  16.895   2.022         
 1522    88  21.549   1.794         
 1523    88  20.261   1.776         
 1524    88  20.409   1.297         
 1525    88  18.083   1.420         
 1526    88  19.594   1.769         
 1527    88  18.386   1.901         
 1528    88  19.493   1.434         
 1529    88  21.101   1.273         
 1530    88  19.637   1.238         
 1531    88  18.685   1.349         
 1532    88  19.342   1.376         
 1533    88  19.780   1.266         
 1534    88  16.539   3.342         
 1535    88  20.814   1.401         
 1536    88  18.777  -0.631         
 1537    88  20.973   1.710         
 1538    88  16.219   1.237         
 1539    88  20.756   1.250         
 1540    88  20.320   1.593         
 1541    88  20.985   1.601         
 1542    88  19.853   1.398         
 1543    88  21.466   1.615         
 1544    88  19.623   1.420         
 1545    88  21.376   1.301         
 1546    88  19.748   1.499         
 1547    88  20.329   1.172         
 1548    88  20.580   1.612         
 1549    88  19.957   1.261         
 1550    88  21.781   1.595         
 1551    88  19.048   1.268         
 1552    88  20.190   1.492         
 1553    88  21.984   1.206         
 1554    88  21.074   1.512         
 1555    88  17.388   1.835         
 1556    88  18.685   0.997         
 1557    88  20.882   1.560         
 1558    88  20.414   1.347         
 1559    88  19.442   0.928         
 1560    88  21.600   1.299         
 1561    88  19.450   1.608         
 1562    88  16.216   1.172         
 1563    88  20.226   1.423         
 1564    88  21.623   1.861         
 1565    88  19.837   1.472         
 1566    88  20.985   1.972         
 1567    88  20.434   1.468         
 1568    88  18.161   1.805         
 1569    88  20.265   1.630         
 1570    88  19.143   1.761         
 1571    88  21.724   1.410         
 1572    88  20.137   1.343         
 1573    88  18.691   1.455         
 1574    88  21.029   1.593         
 1575    88  19.783   1.274         
 1576    88  21.242   1.439         
 1577    88  13.341   2.845         
 1578    88  14.335   0.751         
 1579    88  12.411   0.518         
 1580    88  20.004   1.670         
 1581    88  21.536   1.350         
 1582    88  21.112   1.433         
 1583    88  20.698   1.526         
 1584    88  15.983   1.161         
 1585    88  19.465   1.436         
 1586    88  20.373   1.445         
 1587    88  18.595   1.506         
 1588    88  20.929   1.475         
 1589    88  20.846   1.454         
 1590    88  18.913   1.269         
 1591    88  20.362   1.313         
 1592    88  20.170   1.448         
 1593    88  18.668   1.460         
 1594    88  16.271   1.084         
 1595    88  19.512   1.301         
 1596    88  18.383   1.618         
 1597    88  20.889   1.755         
 1598    88  21.094   1.755         
 1599    88  19.075   1.342         
 1600    88  20.071   1.338         
 1601    88  19.590   1.428         
 1602    88  20.734   1.584         
 1603    88  20.294   1.769         
 1604    88  21.165   1.250         
 1605    88  18.884   1.564         
 1606    88  18.481   1.691         
 1607    88  17.956   1.261         
 1608    88  19.769   1.453         
 1609    88  18.858   1.612         
 1610    88  19.858   1.601         
 1611    88  20.438   1.684         
 1612    88  19.645   1.483         
 1613    88  20.281   1.637         
 1614    88  20.887   1.388         
 1615    88  19.709   1.298         
 1616    88  20.963   1.583         
 1617    88  21.181   1.376         
 1618    88  18.284   2.550         
 1619    88  20.556   1.417         
 1620    88  19.503   2.240         
 1621    88  20.474   1.336         
 1622    88  19.186   1.410         
 1623    88  17.184   1.640         
 1624    88  17.843   1.315         
 1625    88  18.584   1.754         
 1626    88  20.195   1.498         
 1627    88  17.219   1.584         
 1628    88  19.968   1.300         
 1629    88  20.303   1.583         
 1630    88  19.131   1.537         
 1631    88  20.565   1.605         
 1632    88  19.337   1.581         
 1633    88  20.649   1.164         
 1634    88  21.478   1.786         
 1635    88  19.493   1.564         
 1636    88  18.517   1.333         
 1637    88  21.117   1.957         
 1638    88  19.281   1.300         
 1639    88  21.914   1.743         
 1640    88  18.356   1.139         
 1641    88  16.457   1.659         
 1642    88  20.365   1.384         
 1643    88  20.924   1.388         
 1644    88  20.284   1.435         
 1645    88  19.990   1.241         
 1646    88  20.822   1.615         
 1647    88  20.870   1.452         
 1648    88  18.351   1.787         
 1649    88  21.792   1.215         
 1650    88  20.140   1.289         
 1651    88  18.192   1.346         
 1652    88  20.664   0.862         
 1653    88  21.453   1.433         
 1654    88  21.329   1.829         
 1655    88  20.799   1.099         
 1656    88  21.216   1.584         
 1657    88  20.530   1.555         
 1658    88  20.328   1.445         
 1659    88  21.149   1.388         
 1660    88  21.210   1.340         
 1661    88  14.182   2.055         
 1662    88  19.830   1.408         
 1663    88  18.730   1.541         
 1664    88  20.717   1.334         
 1665    88  18.108   1.347         
 1666    88  19.897   1.635         
 1667    88  21.797   1.637         
 1668    88  20.960   1.483         
 1669    88  21.329   1.517         
 1670    88  20.332   1.897         
 1671    88  20.889   1.913         
 1672    88  19.899   1.449         
 1673    88  21.711   1.551         
 1674    88  19.083   1.403         
 1675    88  20.127   1.485         
 1676    88  20.191   1.329         
 1677    88  21.265   1.631         
 1678    88  21.018   1.779         
 1679    88  20.676   1.449         
 1680    88  20.897   1.531         
 1681    88  20.069   1.440         
 1682    88  18.748   1.470         
 1683    88  20.789   1.598         
 1684    88  21.227   1.470         
 1685    88  20.938   1.562         
 1686    88  21.398   1.305         
 1687    88  19.501   1.955         
 1688    88  18.397   1.263         
 1689    88  21.024   1.122         
 1690    88  20.829   1.968         
 1691    88  19.487   1.352         
 1692    88  19.675   1.289         
 1693    88  21.240   1.451         
 1694    88  21.498   1.352         
 1695    88  15.865   1.884         
 1696    88  20.833   1.446         
 1697    88  20.264   1.266         
 1698    88  20.546   1.324         
 1699    88  18.178   1.292         
 1700    88  20.273   1.481         
 1701    88  13.061   1.490         
 1702    88  20.430   1.773         
 1703    88  18.531   1.249         
 1704    88  22.026   1.293         
 1705    88  20.174   1.353         
 1706    88  21.649   1.156         
 1707    88  20.126   1.449         
 1708    88  21.389   1.370         
 1709    88  21.268   1.404         
 1710    88  18.514   1.500         
 1711    88  19.602   1.569         
 1712    88  19.920   1.723         
 1713    88  19.305   1.292         
 1714    88  19.038   1.479         
 1715    88  19.641   1.601         
 1716    88  20.150   1.554         
 1717    88  19.657   1.789         
 1718    88  17.310   1.472         
 1719    88  20.119   1.396         
 1720    88  19.271   1.552         
 1721    88  16.146   2.044         
 1722    88  21.105   1.646         
 1723    88  22.478  -1.677         
 1724    88  20.042   1.362         
 1725    88  21.079   1.432         
 1726    88  17.518   1.570         
 1727    88  17.267   2.513         
 1728    88  18.178   1.436         
 1729    88  21.724   1.566         
 1730    88  18.474   1.588         
 1731    88  18.717  -0.327         
 1732    88  19.873   1.376         
 1733    88  21.053   1.338         
 1734    88  17.572   1.156         
 1735    88  20.356   1.496         
 1736    88  20.032   1.393         
 1737    88  19.838   1.333         
 1738    88  19.605   1.771         
 1739    88  20.066   1.333         
 1740    88  17.642   1.288         
 1741    88  20.268   1.307         
 1742    88  19.781   1.488         
 1743    88  18.709   1.320         
 1744    88  19.068   1.426         
 1745    88  22.299   0.876         
 1746    88  20.940   1.197         
 1747    88  20.056   1.651         
 1748    88  20.099   1.397         
 1749    88  21.212   1.342         
 1750    88  20.369   1.403         
 1751    88  18.056   1.439         
 1752    88  21.292   1.141         
 1753    88  20.411   1.451         
 1754    88  17.106   1.490         
 1755    88  17.603   0.759         
 1756    88  20.545   1.150         
 1757    88  21.723   1.249         
 1758    88  20.135   1.423         
 1759    88  21.010   3.264         
 1760    88  20.695   1.433         
 1761    88  19.593   1.471         
 1762    88  20.663   1.859         
 1763    88  21.451   1.609         
 1764    88  20.199   1.300         
 1765    88  20.635   1.385         
 1766    88  21.412   1.287         
 1767    88  19.771   1.573         
 1768    88  18.199   1.320         
 1769    88  21.386   1.302         
 1770    88  19.628   1.404         
 1771    88  19.201   1.574         
 1772    88  20.473   1.579         
 1773    88  20.611   1.283         
 1774    88  18.155   1.167         
 1775    88  20.818   1.835         
 1776    88  21.616   1.725         
 1777    88  20.354   1.589         
 1778    88  20.959   1.530         
 1779    88  21.674   2.150         
 1780    88  19.574   0.990         
 1781    88  17.615   1.752         
 1782    88  21.389   1.506         
 1783    88  20.872   1.186         
 1784    88  20.921   1.242         
 1785    88  21.537   1.442         
 1786    88  19.343   1.366         
 1787    88  20.846   1.671         
 1788    88  20.521   1.856         
 1789    88  21.973   0.360         
 1790    88  20.261   1.396         
 1791    88  21.481   1.406         
 1792    88  20.945   1.333         
 1793    88  18.529   1.481         
 1794    88  17.254   1.897         
 1795    88  19.296   1.605         
 1796    88  20.211   1.470         
 1797    88  20.034   1.166         
 1798    88  18.923   1.650         
 1799    88  20.638   1.414         
 1800    88  19.781   1.586         
 1801    88  20.898   1.940         
 1802    88  21.240   1.211         
 1803    88  20.503   1.759         
 1804    88  21.668   1.269         
 1805    88  19.107   1.436         
 1806    88  20.608   1.515         
 1807    88  19.896   1.410         
 1808    88  20.710   1.374         
 1809    88  21.320   1.407         
 1810    88  19.727   1.618         
 1811    88  17.022   1.236         
 1812    88  20.719   1.351         
 1813    88  17.299   1.219         
 1814    88  18.155   1.626         
 1815    88  19.286   1.452         
 1816    88  21.193   1.595         
 1817    88  19.871   1.836         
 1818    88  21.355   1.315         
 1819    88  19.382   1.766         
 1820    88  16.743   1.356         
 1821    88  20.426   1.539         
 1822    88  19.438   1.295         
 1823    88  17.616   1.434         
 1824    88  21.208   1.640         
 1825    88  21.483   1.048         
 1826    88  21.675   1.204         
 1827    88  21.030   1.453         
 1828    88  17.094   0.916         
 1829    88  20.918   1.420         
 1830    88  19.584   1.375         
 1831    88  21.004   1.241         
 1832    88  18.658   1.353         
 1833    88  19.346   2.923         
 1834    88  21.625   1.547         
 1835    88  21.418   1.267         
 1836    88  20.872   1.669         
 1837    88  18.070   1.244         
 1838    88  20.996   1.571         
 1839    88  21.242   1.488         
 1840    88  19.427   1.349         
 1841    88  20.300   1.524         
 1842    88  21.078   1.340         
 1843    88  22.192   0.980         
 1844    88  13.364   3.862         
 1845    88  15.446  -0.806         
 1846    88  21.009   1.263         
 1847    88  19.747   1.402         
 1848    88  21.314   1.942         
 1849    88  21.354   1.561         
 1850    88  20.192   1.265         
 1851    88  18.260   1.390         
 1852    88  21.379   1.288         
 1853    88  20.333   1.833         
 1854    88  20.195   1.477         
 1855    88  19.254   1.276         
 1856    88  21.251   1.378         
 1857    88  21.252   1.611         
 1858    88  20.788   1.665         
 1859    88  21.824   1.443         
 1860    88  20.687   1.753         
 1861    88  19.946   1.500         
 1862    88  19.686   1.562         
 1863    88  21.258   1.676         
 1864    88  17.103   1.151         
 1865    88  21.643   1.669         
 1866    88  21.301   1.351         
 1867    88  21.076   1.351         
 1868    88  21.656   1.910         
 1869    88  20.156   1.474         
 1870    88  20.795   1.510         
 1871    88  19.629   1.295         
 1872    88  21.040   1.856         
 1873    88  21.694   1.776         
 1874    88  22.286   0.505         
 1875    88  19.774   1.581         
 1876    88  19.746   1.313         
 1877    88  19.730   1.462         
 1878    88  18.722   1.457         
 1879    88  19.813   1.430         
 1880    88  18.233   1.492         
 1881    88  20.370   1.701         
 1882    88  20.683   1.647         
 1883    88  20.294   1.592         
 1884    88  19.705   1.430         
 1885    88  18.689   1.490         
 1886    88  19.172   1.564         
 1887    88  19.348   1.395         
 1888    88  18.421   1.670         
 1889    88  19.381   1.659         
 1890    88  17.524   1.184         
 1891    88  15.479   1.318         
 1892    88  21.693   1.665         
 1893    88  20.362   1.549         
 1894    88  20.351   1.976         
 1895    88  20.682   1.582         
 1896    88  19.630   1.670         
 1897    88  20.011   1.370         
 1898    88  20.481   1.214         
 1899    88  20.020   1.582         
 1900    88  20.166   1.451         
 1901    88  21.097   1.481         
 1902    88  19.431   1.346         
 1903    88  20.694   2.165         
 1904    88  20.254   1.516         
 1905    88  21.363   1.131         
 1906    88  21.485   1.248         
 1907    88  19.332   1.951         
 1908    88  15.979   1.408         
 1909    88  22.099   0.878         
 1910    88  20.717   1.575         
 1911    88  20.316   1.297         
 1912    88  14.605   1.750         
 1913    88  21.106   1.447         
 1914    88  19.363   1.434         
 1915    88  20.904   1.710         
 1916    88  21.634   1.480         
 1917    88  18.444   1.659         
 1918    88  18.586   1.490         
 1919    88  21.442   1.333         
 1920    88  19.513   1.504         
 1921    88  19.982   1.372         
 1922    88  19.876   1.549         
 1923    88  19.360   1.730         
 1924    88  20.854   1.332         
 1925    88  20.818   1.560         
 1926    88  18.415   1.295         
 1927    88  18.860   1.338         
 1928    88  21.731   0.966         
 1929    88  19.599   1.397         
 1930    88  21.414   1.409         
 1931    88  19.490   3.143         
 1932    88  18.523   1.106         
 1933    88  18.615   1.173         
 1934    88  17.734   2.061         
 1935    88  19.101   0.223         
 1936    88  20.381   1.659         
 1937    88  21.492   2.081         
 1938    88  17.042   1.506         
 1939    88  22.296  -0.572         
 1940    88  21.305   1.355         
 1941    88  19.197   0.774         
 1942    88  18.292   1.473         
 1943    88  20.942   1.620         
 1944    88  18.143   1.759         
 1945    88  20.092   1.688         
 1946    88  20.467   1.686         
 1947    88  19.913   1.484         
 1948    88  21.182   1.394         
 1949    88  14.787   1.060         
 1950    88  21.094   1.863         
 1951    88  20.780   1.539         
 1952    88  21.238   1.972         
 1953    88  20.230   1.739         
 1954    88  17.878   3.469         
 1955    88  21.305   1.619         
 1956    88  17.687   1.236         
 1957    88  19.148   1.307         
 1958    88  19.507   1.413         
 1959    88  20.828   1.473         
 1960    88  18.849   1.203         
 1961    88  20.750   1.443         
 1962    88  21.412   1.286         
 1963    88  21.512   1.346         
 1964    88  15.181   1.867         
 1965    88  18.242   1.306         
 1966    88  18.200   3.645         
 1967    88  20.117  -0.053         
 1968    88  17.914   1.314         
 1969    88  19.765   1.468         
 1970    88  20.448   1.590         
 1971    88  20.350   2.032         
 1972    88  17.271   1.490         
 1973    88  13.548   2.077         
 1974    88  20.147   1.460         
 1975    88  19.910   1.631         
 1976    88  20.037   1.676         
 1977    88  21.523   1.344         
 1978    88  19.223   1.326         
 1979    88  20.769   1.618         
 1980    88  19.158   1.908         
 1981    88  20.116   1.490         
 1982    88  20.581   1.370         
 1983    88  19.329   1.229         
 1984    88  18.966   1.355         
 1985    88  17.186   1.342         
 1986    88  15.713   1.750         
 1987    88  21.481   1.252         
 1988    88  21.436   1.126         
 1989    88  13.207   0.774         
 1990    88  15.930   1.094         
 1991    88  20.459   1.198         
 1992    88  20.391   1.254         
 1993    88  19.301   1.421         
 1994    88  18.941   1.743         
 1995    88  18.211   1.727         
 1996    88  21.111   1.679         
 1997    88  17.590   1.598         
 1998    88  18.974   1.838         
 1999    88  19.605   1.530         
 2000    88  21.454   1.410         
 2001    88  19.391   2.176         
 2002    88  21.044   1.532         
 2003    88  20.225   1.656         
 2004    88  14.811   1.233         
 2005    88  19.382   1.852         
 2006    88  20.455   1.370         
 2007    88  18.913   1.325         
 2008    88  21.099   1.425         
 2009    88  19.387   1.408         
 2010    88  18.461   1.650         
 2011    88  21.958   1.352         
 2012    88  20.002   1.549         
 2013    88  19.228   1.573         
 2014    88  18.655   1.779         
 2015    88  22.072   1.001         
 2016    88  20.684   1.750         
 2017    88  20.932   2.042         
 2018    88  19.975   1.640         
 2019    88  18.335   1.858         
 2020    88  19.417   1.707         
 2021    88  21.156   1.862         
 2022    88  17.761   1.407         
 2023    88  19.666   1.422         
 2024    88  17.465   1.278         
 2025    88  19.770   1.496         
 2026    88  21.204   1.807         
 2027    88  18.448   1.723         
 2028    88  21.916   1.314         
 2029    88  20.878   2.332         
 2030    88  20.235   1.467         
 2031    88  19.852   1.408         
 2032    88  19.433   1.423         
 2033    88  16.942   1.497         
 2034    88  20.778   1.486         
 2035    88  21.225   1.685         
 2036    88  21.195   1.688         
 2037    88  20.227   1.611         
 2038    88  19.770   1.410         
 2039    88  20.998   1.361         
 2040    88  18.608   1.337         
 2041    88  20.684  -0.962         
 2042    88  16.614   1.300         
 2043    88  19.469   1.869         
 2044    88  21.393   1.628         
 2045    88  19.706   1.588         
 2046    88  21.277   1.511         
 2047    88  21.713   1.327         
 2048    88  21.108   1.712         
 2049    88  21.707   1.580         
 2050    88  19.863   1.265         
 2051    88  18.567   1.861         
 2052    88  18.934   1.396         
 2053    88  21.541   1.545         
 2054    88  19.819   1.531         
 2055    88  20.205   1.417         
 2056    88  17.755   1.262         
 2057    88  19.742   1.397         
 2058    88  19.040   1.331         
 2059    88  18.837   1.707         
 2060    88  21.300   1.496         
 2061    88  18.702   1.368         
 2062    88  15.810   1.951         
 2063    88  21.300   1.702         
 2064    88  18.114   1.652         
 2065    88  20.367   1.352         
 2066    88  20.346   1.407         
 2067    88  21.488   1.746         
 2068    88  20.946   1.460         
 2069    88  21.170   1.612         
 2070    88  17.941   1.503         
 2071    88  20.415   2.026         
 2072    88  19.280   1.825         
 2073    88  21.307   1.600         
 2074    88  20.474   1.536         
 2075    88  15.602   1.198         
 2076    88  16.930   1.351         
 2077    88  18.991   1.238         
 2078    88  16.293   1.078         


